36.851640621497545
78.21457214015109
94.81737772402671
56.590643665285256
24.514581882578234
85.06840728055055
73.07081925554414
86.62460125584494
48.02317980191859
72.3414530301482
60.54448817271908
49.39587067821815
82.62196968716302
38.51316118665532
73.95819334649543
30.404546122162415
77.70464752284065
50.74945684378167
37.74338141806731
70.81065172274694
86.02135910011962
70.14149138616696
58.13610498768649
81.81397581227625
81.07849493519521
91.21675204117489
34.4821711495512
72.1433899615431
84.77435118253109
56.36718319636764
65.46439309342922
83.78306929932076
68.06010632474559
68.67490105742843
81.20801681476628
56.42981865092231
44.78544835101257
74.74770656910098
89.37999935178351
66.40634648381376
85.91421572004552
81.0047002561382
62.180678198355515
85.31914380593989
77.71100932664883
67.5035251361043
85.01640699092243
70.48326241185657
79.89581708879254
39.36443831728582
74.71944368837369
51.33674729235785
67.14693292247372
50.615360901717075
35.84614885561455
50.89512377461492
75.43036996083242
51.53863843955841
37.50338913703105
60.811221272109385
68.40772122793467
67.77864612353797
44.04013562606988
64.44452681817131
79.30546131022565
17.458546782447755
93.57850136493192
84.30856536733155
72.11773744767092
72.7793219785093
87.68354910670273
36.431158023016195
67.4273094758714
51.9935254248511
68.71418721457546
58.540529490738976
38.65557533846176
78.83693413558686
63.18462192470167
73.0348210501968
50.516296364857766
56.01650110750075
62.55559938295242
76.89636981762861
76.69171365028515
58.984638708470804
71.75945479479951
33.37872836690586
85.0267073397226
73.30609740651099
70.52075600280554
48.357873824907976
66.3872346848138
50.95650783648219
20.82726854948768
69.69533531942696
95.92892463055486
72.78943974995045
86.93843184898833
77.10501829596939
61.27374979839006
99.70507360930384
58.78186000771601
64.22516849372303
70.52364321717806
31.810928010487025
72.41009304939602
38.215401167779504
55.09845643554726
88.1251163693054
94.20117799943985
51.31451234267594
68.03828112585751
70.4105158586973
95.73512897543414
65.5307501695927
66.52217701131016
51.21005172834011
97.22769948131082
74.61616928332978
74.81366329093177
86.72208137107765
72.03916500308503
21.37728963356448
78.23057430116533
38.63442691753285
62.70066213320246
56.58822138729027
60.49854406287477
54.54834029795961
64.95834815214462
72.70395060227625
82.95022677952647
59.776358231419415
28.493146605311118
64.02586381043606
75.88950817709474
38.787604230248725
80.37171127963202
74.85224874776183
52.121236604593605
49.47027925742683
97.3052887818692
77.89828988000218
55.2204082417559
88.25960906558072
69.98412351257979
56.160285226884284
42.530942697940375
74.92468291338048
38.768600234393844
89.92875382634874
47.069350705922076
48.51214552360636
68.84972597848693
34.41953458959585
69.8132730926728
68.35391374697736
66.32072786844628
70.33053623018785
70.37604364497163
42.42855339648395
42.39710638044184
74.50230811017448
43.229457020837714
56.34403448199209
57.18247439647833
74.00230749406302
82.68169261280082
87.7184491648598
65.0359891520748
61.27734185396766
100.86356679862396
40.650267024155696
75.99872751841234
45.66491118939793
70.15078559807341
57.66287912843521
78.81498833484022
69.1444860376837
51.5038231716407
81.30456197923746
56.20202950288524
60.76858324244673
57.58431977309367
83.85165599988781
91.29942294381132
105.59225242191516
48.513692505240556
54.3748458195453
67.42118955186851
98.1669938112889
90.07365324300429
22.428558755391933
74.07439806160697
63.38263150148512
92.16596337491373
61.219943609332695
34.62324302636442
37.78466738210179
77.81863045928233
48.09711830203903
83.48455163703821
84.96986600208169
64.45764443306913
79.27946008252198
37.77997043268692
67.07879949837667
61.784876562532986
42.93802325035755
61.14584582033598
29.308471928316422
70.84175280996106
42.739463492322884
70.01210497052637
63.3605000759993
54.07688406829191
70.3279226586329
52.99050690771645
54.02917792653566
39.25515032292439
85.26645319533688
65.78426266776835
77.64550547204203
60.19187998082453
67.87678132648699
55.20052453777605
73.21665072150503
55.33709290244126
34.35129865616847
65.25420526784107
24.995913624537284
65.39529540149867
48.63863970442114
66.35950154741192
70.82252518943582
58.15031721397449
63.52325206195249
60.767566223278145
88.47268612222966
61.79464693672438
85.08735140622395
41.42474424598548
73.39091551492493
100.48334470503428
73.0053146519591
57.0763472457094
44.13284310406275
67.24080730363278
68.47659540131176
61.5221316690583
76.07281509844626
47.551681278516256
68.22678743802743
88.38085578647329
61.62290109152745
51.48523322142544
61.37452134581064
76.65282334272597
73.59026926781176
56.900372372532175
69.23285675222544
68.54984401494049
70.88720068892167
80.88537076187662
35.875909928094174
70.29712320671277
63.1467210025558
84.99828334191204
34.992974379694544
47.194895191065385
65.41028230178358
75.24641883992471
60.07800869278655
38.40250353013349
49.336666873994716
51.44315800112959
81.43230062228909
55.59872832201677
72.42263298692014
72.59705414325478
22.834491014667016
88.63183036594789
39.456475912007704
60.1743886696349
31.072482410166543
55.93759182520102
32.50402621738839
80.32644983674068
77.75734308080274
78.04093562789348
50.836327546730516
32.09460084942198
67.88209779228805
61.16661536017489
87.0969235793345
59.42560137719023
50.12767348590994
84.1648958432043
65.11130934529693
55.68252880968204
58.37927837681111
45.37064054721685
23.73174670046064
67.33823943665294
50.62429778863158
39.0644260113118
75.81061912658748
53.7169523555065
64.95468241787015
85.58150546091915
31.10771290604187
78.94535104379335
63.44475925486077
38.04357271206056
70.84502042730357
75.5931338338421
64.01436038156476
72.9228169314593
55.4452647502635
54.829690834262706
15.337514026033444
53.66430147034547
30.80118571686938
35.71021793391462
73.30322798313321
74.86092409707851
60.43028138276159
30.120525000012393
81.99004390561723
74.24436681486222
80.84520429265245
69.0672188768966
66.2215385159106
71.41450059633159
42.78510637527617
72.95394572404851
89.39158829245784
72.75315929052044
43.27592018059247
96.06095154344138
41.630163370220814
60.41937889166562
81.58993943137094
91.25455260174165
54.00340429501791
31.761717870318222
76.16632708922089
63.627968380926866
79.77475143348792
89.90974592197433
74.10974032723003
66.86461910164363
45.54918792041052
91.1994403544892
16.70614256584556
39.04277395151189
46.223581958457416
64.30616686936267
76.94852081142673
46.293001248781835
58.18083771293562
57.789252649383315
64.23363519536206
72.25124801475116
74.514689018599
54.823069278649
92.22149400103588
53.6643769321896
66.41557800363474
78.62227773818367
22.397156766832033
102.5861870623128
63.986855756236345
73.00792828428948
32.533853290235754
61.60592355287371
44.027598674208456
50.51978879156269
64.3050978069779
86.49847420941936
57.58433270015984
41.926551455812984
95.29410858245319
64.10227736191709
87.78832708023008
53.134333352229795
57.31473016792873
78.42282974173395
60.048657878502134
79.68696643674264
32.80679886137467
39.33229844048108
28.104316927610853
54.39333215338927
57.59829160934212
40.08782310232651
62.12570525320786
61.4633701594007
54.614818464392776
54.14638830964595
42.71965047631502
79.18462295784971
97.7261476258555
60.64189736782485
55.05172418651217
61.54711845922851
82.90706456968903
75.07348384447626
41.148297621470455
53.6895545345548
38.5255162808688
81.69588304150746
56.12071813360683
57.428529561367256
36.45728670547923
91.12187836808997
51.37035403524428
39.974607457744284
60.5780023379583
72.84470107420611
92.62310573938008
65.96831958527635
67.46381874732162
67.40784143741764
68.0634812259181
72.64370360603695
87.8731037708122
30.058925110379295
22.583737677160684
79.96918964007274
32.26051584838713
30.5787466491837
82.96015360584
40.5905384514111
60.38250516485323
37.43572516100285
54.14539916668977
64.81344115626308
74.64123786225804
59.20701786078404
61.71982820690712
87.92354555140153
79.36757821108951
100.5795195501844
48.41152988798798
62.215067054147646
41.293667762099126
92.84711281724123
41.431030722404046
40.84353033048828
45.66951369198554
60.01629358281545
46.28131180071304
45.7802930958871
89.49696071335514
72.05523250030494
47.33691096790626
62.010128897923416
57.19850902094974
58.50533486408418
59.3631732387712
73.97642212250594
43.25247647009952
58.014759900093104
54.83363872438067
79.16713489909023
45.637162281611865
45.94738564131181
73.9668198262965
63.86842895405499
63.645087760919
53.476717214912824
83.77983092850452
87.37731937976105
73.11944398643094
39.658764885958185
70.36957276320001
67.04630371980227
43.82853906261548
61.99035669411394
20.31627861454499
47.358684395549936
24.524698414819273
97.32875473023805
56.39286423762113
26.835540876110738
71.62883384224298
82.21082625294827
58.91563286138259
44.349453851001954
70.36751521243852
63.581663810630246
87.22087035551702
54.264731467481745
54.88163516535357
58.16792737687679
49.0319384101441
88.41108937547695
91.81766150645574
70.06954673948059
83.20404757966593
63.26262786691791
32.51367850914542
44.71583211656936
65.15058499728487
38.079679619560956
50.42516020948603
37.44117759132598
74.58822156188876
91.6717346113991
94.69862678901976
74.11612414668204
74.13034823342564
82.76673048811347
29.667176499447415
81.74105873782891
31.44328727451262
75.70927815737821
39.670120334865146
88.12376414798925
39.431213210272276
36.050085212767506
55.09535677636771
82.96080071115162
69.43916213165184
55.112611462981214
68.76829930410588
92.4863999316065
70.14904260919172
40.662184962446545
66.76721257850552
57.47882539698695
98.7906716206553
76.03876752361074
70.67851533834668
53.29754970032964
54.966076312421585
85.54450774770336
51.79682839232066
29.524608012855186
32.98860124912359
89.09467861984113
56.11284178927818
63.601886507929684
74.23279579175562
85.73628004127593
93.24281392617898
79.17887073606087
55.38947043000711
61.05431119930211
69.95526612332596
73.77129221654972
47.00602442684953
71.8552824108732
69.86465740837693
82.96864514575665
50.55285598866091
32.174548210268185
66.75204096752091
59.368766860476484
54.798548410799995
38.93665712094935
48.83807193280737
60.89578413458857
86.73525590509978
38.40168896375751
61.16101117626893
81.91235668771346
44.78820627075693
60.19986787518195
69.86016761197399
51.204086120271874
61.604971611636216
66.4726665530254
64.99608231004301
83.15616937588358
72.18800157014712
75.56952437436182
60.063325626218194
53.29138142486074
95.63832985764653
67.39909808077266
79.85110194488843
73.24959781152728
65.42563911692905
68.73396330992918
101.92546891594117
90.37374325191047
22.191611914512237
51.54727566264914
42.80938836182147
71.32689929604695
85.49248723329086
36.41594783539725
83.7068381859769
79.31551174500584
68.33987992165059
82.20238240618106
71.67608183192877
81.70266406253818
59.07735584135064
54.8027506570282
70.08603709733174
61.707765078816244
39.52521373399957
74.64987484770545
55.50037694148819
61.300565652166135
37.29625539310661
82.20843873499723
56.303741136597274
39.39897334079433
25.09310064755612
30.854780254002797
55.594552717576136
24.57900600716286
48.474901620102315
84.93327092833387
90.92642428056716
45.73037885144947
67.51432574743563
59.25403448365818
59.8733673497565
54.7906210505609
32.09741999637058
76.71317403590038
47.89792225643718
89.75361410420608
85.22102861523597
31.352171664686857
73.8394006313427
90.41153600654214
63.69273264839007
39.302800561314015
54.84251770075571
71.07803048484715
68.96165141591555
81.09099612412543
55.124963195521616
73.96736398691863
68.70542063416076
78.46144897665252
66.36189989051185
62.011965348104326
67.94965876169331
87.72300508463927
67.2116728744985
51.65369349720241
87.52794048554682
55.29303751373068
62.166181402930306
23.78253291816278
72.3669435675518
71.98388187229739
70.80066817718063
73.38187163595755
69.83684846815112
70.75949157343913
61.05727068200069
101.92325837221975
37.57323090364296
46.096516398864665
58.05751823248533
98.31853207755582
52.324273105030095
39.204109614645596
75.52689513035376
57.513089372830976
58.09905731198866
21.513341623784193
70.14447135073081
83.73832031328422
67.94915802371257
52.54203553046832
71.02770714734788
77.17818340354043
42.28915458187553
68.1154858376311
45.88706855694972
71.67410773483985
30.737430013860923
95.3452685963299
41.37702892746388
63.46520004492216
80.86806063301827
43.82719848136749
60.498203985651806
27.97605658245861
74.05547626900811
78.13540622782743
74.41270001382601
49.11565760280178
61.63390846870928
59.41381800883484
40.26392522876727
81.04467567558461
77.2460819238631
75.28303647534233
24.066510736122908
86.15138426803018
36.661920809453946
63.42909964689608
40.1996730620933
65.33100442527927
54.20935304198401
33.097527759759885
67.01064705001235
75.8475993158167
69.99488440713594
60.0976516874413
52.88233979616927
68.9045261211827
102.0497379429146
95.26561697162188
34.408972009458616
70.86795074304806
33.38352765871434
78.36673204675871
75.07993897195298
36.11688760564888
54.692195188929894
84.83125522637486
57.25328626678491
70.17766836874412
63.20133868690153
85.74833568622556
89.29828416134015
23.613804904398464
73.88878379856618
63.60020415603529
50.13921017272509
73.04875211737216
49.84976393330063
72.69135937948481
31.665760954006345
70.90971392095186
35.78168142052125
60.9415341679467
58.22835309704673
83.91291314470972
59.08234219452147
69.97782687831253
96.49381911875487
66.37136625898218
77.17289364755314
56.98492042529864
73.39974801476966
89.48217096771862
56.61533894200799
53.93687328509403
40.49446580186216
47.494436112609776
16.41961183328307
77.71788196457759
36.81766481780046
77.39812073433926
78.43753631673789
65.90693854987052
47.011737450984654
71.44902074598818
88.61354780399944
83.59092320827202
73.90471442552308
69.1730314095283
69.18698834032054
98.64507125769654
77.88786416580044
99.59957877760644
48.005348503470515
53.599660862712824
67.69912604716686
89.62773619933809
67.17556380017537
39.39263588144643
77.4496386730523
75.85878562144967
56.47514737652692
25.56389069835278
40.886344893656656
70.52348323029338
94.60190034320111
22.338296087126185
66.02600521014045
51.96993669678346
51.64225094736557
61.785635493102944
34.31143944801916
70.470453125354
31.810187497828117
71.29303628996053
73.28493527200004
37.92728356931222
78.50893603292451
83.71291308215892
53.04740515362518
31.51603589719204
60.11882658908907
77.9023268726676
74.4353820049881
37.915533578452305
53.671019120032796
50.92825496689084
28.37146622726702
99.35871818506817
26.87986288165368
77.166264222989
36.00815746191813
73.75664698139119
74.18539850764702
31.921299619777763
72.92822879818965
59.34890928693896
58.033248180463026
81.89816956103147
79.28473621389693
79.69683501472085
91.53640006899796
38.88926595570092
74.66373815593074
89.53960813930219
72.86792726218431
72.81874267661863
13.971293009543784
65.16890805701317
32.98129893691149
89.75203866415058
57.274731661850005
53.993226838121096
37.87547717105977
91.48032376984831
64.62633041707431
33.378790247123916
46.20526215665318
66.61546229918591
61.79186163164963
44.976424402419966
67.89418874633766
58.38955101374065
51.92948384887108
93.88078245074882
36.30123424854488
52.62114811634147
22.62705908051262
83.38122045491488
33.15503193298426
26.14235455965873
40.113113817491495
94.48493973911829
61.47190245157064
101.1661729380385
70.96426360006333
97.18921897871938
69.21676183492164
47.777641767654835
64.2411327908394
95.69016956448317
54.88185962666661
86.74915344771951
71.41021859780776
65.44328375917706
33.356411097490394
62.864632340943274
80.1773625513171
27.04454585977442
91.21987573519048
63.97602531124282
54.7762555922072
21.25208809215074
77.39918977947407
74.62111637899716
82.28753231960452
53.392364915348004
65.40025885981393
63.80620920718467
41.63618070398904
86.58117686011362
62.09505669445707
55.77533056913147
82.33402517145893
80.62670606233553
70.64050655491708
56.36109845323427
80.94826934571745
70.05956501085913
56.38202411629973
77.68460266398674
86.7886634966265
90.54914544149788
88.11195146451783
46.17464833734545
75.08650950775825
84.14865275839455
88.93131837221169
85.9304331371489
26.775068071792703
42.644783390502674
37.89152880082985
83.26480621591007
60.98286564295357
43.40643091470677
79.91724184378586
64.63930056041391
56.74283356242832
79.42791870347399
81.2809691249583
58.69942961697407
102.65815941242357
67.98672094850345
49.538857222716665
61.096881015724286
28.91175226215222
66.20890485346332
17.799530414911903
73.0961138223156
62.80327146083829
68.97482224215274
42.70007161597208
33.19316656049997
24.277080684849143
94.24382939798721
58.983401518448076
59.629402654430756
75.0618716749805
78.11272559255335
97.20300899482297
65.64239404408173
53.2631492746548
85.92889276893953
73.19303811401352
79.1490288840705
73.68548111010543
59.05862578239614
69.0203539711048
56.898397639566966
50.75204205363937
30.4914230210202
67.59406227052447
86.31645622194448
47.08412052557612
57.92468731754265
92.89458685669554
103.53187689798447
85.06118292667009
48.15206091645919
67.69552497229436
75.24865811653993
26.79972751337371
68.77204859778982
28.3159484624803
75.33654282497307
46.420339648250625
74.80006877322955
57.392540216937945
71.74474133556193
76.893033560426
68.27469471045305
50.2678795947377
21.203711131692693
87.3955202627572
51.237797514868966
98.08611489379831
57.07157543702097
66.75470909819805
66.21027353318631
95.49658000552671
72.60896342270672
77.88531551051823
49.473929406062375
52.735055693745
74.11958792378691
49.387975927502566
46.32986217025864
61.42514938858455
30.105654834164188
52.41043806173378
29.85309264954627
96.32382882439649
68.84222433962933
54.98958045118944
35.81247097286556
49.17209690058861
54.93762213137241
73.79665820097907
85.68788896021422
56.72970150197437
67.1299369938992
67.83455821477763
73.89503176317515
73.74581999502472
83.10880248823213
76.88395217671462
94.67141442503745
62.17927051386914
59.077908387621356
63.38499546981746
78.76760332353098
75.86711394444822
45.71040045431839
72.97550963165592
93.1464231691008
37.259460848519076
73.85130080722912
29.41748869824292
35.44952306393973
67.73577913805185
70.0069702911851
55.85735293951768
67.33295647834142
64.43091415437276
60.345835843511836
67.14942718783634
24.169797734862513
80.15723056947903
96.66246596557207
81.20829616342658
66.85374989279583
50.56821135162577
60.212249712369626
59.80968012515518
78.89561917915258
89.81625691177328
53.100582634118126
60.38042684824618
67.77822359309144
67.90400921907317
44.68938763645009
55.85845373535608
93.38503027612228
59.78865960981108
39.84843370125918
58.59657901571639
71.83721760557677
93.51790567361125
49.06717956320878
67.23490503392955
76.59611809060715
40.96125381219325
85.82286372016654
29.92844687826326
41.73407010757015
35.61519391953268
90.80011740576683
48.06740099142398
57.818503911698095
80.1569271207436
84.77515141462197
52.74171777119923
49.08866220006922
49.94741216883972
63.527212361297074
59.40590847214101
33.740606900055404
72.17992909526531
62.21043093352864
39.06657698601348
74.13528881496866
50.06645272431529
72.65505780432146
30.25601225722975
67.3810015209642
51.776914242289784
30.99488897215349
87.2878547874368
93.826283163736
52.7447878362172
96.01537804344396
86.35579540853409
58.452532467244936
80.86873792882827
79.96804055285192
56.21528769010841
51.36982658611999
78.08847187413056
84.25383301677331
27.370918730429153
69.67356836556043
51.33341579552089
63.9441219970289
51.88277828120545
67.68366607222833
79.57138600524316
91.88878241977541
60.51345436181898
28.46631206665151
77.1482648804666
88.75503453564102
102.66732546474906
75.47643357958732
56.51966272388018
61.70044181058692
62.011192724810385
83.51563302791251
68.23834900642817
74.12788409885056
30.701148405170372
58.85361878051338
65.13992895294967
66.3283802750813
35.835033434144464
65.7896875973457
59.57634401698019
23.5849420729177
68.05715354701702
49.97715978139408
95.136657630546
64.63837924313579
54.806005414208954
78.92019395272368
74.41667647791678
54.47108493828823
34.56199126957457
74.05464775395403
48.714019165449415
76.20154133134182
68.8933724466264
39.06334797427291
70.65306951615531
48.20002405576908
64.70225948418961
23.1233278026767
63.94853822941156
57.492946063474136
87.8125165560163
58.599329213905385
66.22876603991745
59.0120156475171
40.610605776174985
100.4133191338838
44.042392148868025
68.74011908517642
22.766880273028747
69.32244118347178
45.93177190335642
44.87880172564307
61.032703252564254
67.48637959469563
55.84792327041653
63.27357150255204
78.6546261174443
64.85071796423418
65.51002547715356
53.78849043328095
61.84826559836684
64.84176789705036
47.160619703315035
79.75343934779227
71.289653888382
72.21686785190892
45.35878730497956
88.5220865882849
49.45091271515683
40.45125067328243
76.56973052469402
89.74176641879085
63.05204086865537
51.62557714157136
61.512404140599536
85.40962396216949
97.97903211182997
67.68463507192723
67.31900654085483
92.11346193963942
42.63867170678411
60.29803628612197
21.834258318043364
46.4230562641455
74.79523641400769
76.92699770219647
37.233433146340666
27.975845410250876
68.78249696736793
54.238641148713654
58.18131529514536
32.905370312744964
84.95608806280944
74.15007577402295
78.17043024521749
75.34251809028632
71.83732927884975
52.173167448074075
57.73476703846946
89.93220186064501
42.64439973115011
46.57875125053534
26.597454165000357
70.3704510486436
65.15581687828194
64.01974324244718
22.225145990554974
53.93531718018029
58.61754221323803
60.108647167075674
70.34889887835647
47.17028769711411
84.99620509773666
63.70326509971852
58.13303057416288
61.59557534442595
71.92985220039442
96.47480950418078
69.87556504459465
69.19943323917863
66.01091948454958
72.56747659829858
75.39679114725438
48.668884113646
91.73983937560207
67.67332856680784
55.74980916561738
52.36934017884323
86.54285817823107
44.938022909909414
74.8685574830039
41.83888271705097
70.88685770782571
80.50863405018295
45.45870436542186
63.230220476336704
46.207590676588396
66.96923708866993
56.84666245765876
80.40041829731338
68.71458361294506
53.0376903449204
72.50907663735856
58.627297169921306
54.27159440163054
20.326029151248292
94.60805532752099
63.95486352231879
82.5779144943335
50.46729039130741
63.746648418032265
97.17199440073406
57.54877537218788
80.01029290678282
52.533656460850146
44.93002685175962
76.04210268682533
91.85054067420039
60.75792482839321
53.21355718672129
69.01497242107376
47.415948891320966
54.24516782271802
85.89246758298788
70.5449220987978
88.5362835560584
69.5970650754731
39.59136048093829
72.36130081268244
57.37113434066436
72.96112744211916
73.17235934071107
40.0083223016131
60.215603780980416
54.722367908457
90.8109028147344
40.45873621788291
55.744330365724196
86.10727186463416
60.41147470109699
57.02209846681188
72.28060510255524
64.73102207986574
53.611837632434856
89.80822757406278
58.22156643526703
55.22148820169135
62.78171713651576
51.884469940371915
73.70644415690916
45.020455957462886
59.92844530876219
29.105988395611867
86.02576738928275
59.10307905137222
41.464152663379366
79.52334147083478
68.44548698581954
66.73916551919555
71.12508483101249
59.39274964399511
58.91105983763762
67.44080321459393
31.919807739219294
59.20611963600305
100.67245295892481
55.50127649584951
91.76401711627007
30.654266113972675
66.63929139398245
31.365586682430845
83.08825931281648
53.95621055368889
61.077221223163434
52.10111584102808
91.9945500036717
48.73693196369247
28.947197490044275
49.092571687099465
61.32046800705202
87.30992592944716
95.35306444331412
76.52196413242905
104.49397557571584
55.348851798318684
95.29673037742965
46.41004975499737
35.207376579148836
59.92828639227952
66.65764443064712
39.692388806598075
62.826207829601785
55.600353489826276
93.40399348464493
52.32872679052126
29.88644489724969
85.61003283992326
78.21938567671393
58.50652743401828
48.51158416703396
58.55664822695093
77.22205647893648
49.27036941804957
74.19522667025356
52.56730032279708
56.61328310199969
40.292169605731424
86.57719703335523
61.03440674976529
61.242035045731726
55.0260703023266
68.29840051213598
58.55546469474323
25.15757078500451
95.63433531313416
51.69117736980636
74.09125719839923
77.9124832850158
59.23430585239082
89.25759732394029
49.21956599795953
93.19860649099405
47.460606828531944
75.32620145742531
37.031519157580966
72.16625375949225
53.57140925601274
44.925460733968826
82.73609245140165
66.85937989764955
59.49998549769923
59.44669515960635
67.42057609743978
92.48776394672996
83.73169042050291
47.534748203396916
72.31800950011498
79.89620643909234
64.59999509428133
86.79251161035683
41.040994219347176
56.71514224096851
29.891856289110848
72.5350035937023
87.0220864626525
40.044990609862744
60.18816668678074
79.43595220258946
56.49422015936509
23.52662632472294
70.64632872870456
66.83312929349543
41.94874081535877
71.44650446821788
71.54933042441328
90.17366873066283
57.967961148997155
92.54287243587879
69.09211138361158
67.03803118794718
64.11428453914536
82.09148618338537
37.09438174035439
45.15943617242216
65.41738303793707
77.79196286984846
52.474413568478774
38.31213892335357
55.54901736856704
68.70387826690498
65.02922332867018
26.710322416294698
69.81678376100716
61.7217917898164
95.5469877138069
86.65485222627676
69.81765582372573
66.23443777082159
32.0304297135051
92.74414852697373
51.87640839832406
50.6800707566672
39.13902913503974
52.30206457092935
60.36185666630907
26.465355999976268
80.87565224623111
42.070327183892715
88.86745035620615
49.9177138427081
66.18503573665765
83.50905453171512
25.64059854358248
101.76772291607213
52.55037788671706
52.527580364104566
49.50949081746494
82.17321598632273
81.24372965569206
61.540411990203914
64.3413226259073
62.40708143228166
51.3447814818178
40.40589482811926
59.49364000306426
71.75306779755047
105.93355109809693
53.60601980559027
51.27675601880378
85.8016972177019
43.13212455683763
96.6038306214229
28.31175071491098
41.97709227721626
70.67690397851042
67.22099906522574
88.32150589484822
72.47358118878952
56.33803768688873
61.412392298523145
59.7506030387813
27.525278932805847
77.60159562397622
61.65541267634731
80.71172369154327
27.157523128675063
61.18687662960386
90.48946931528154
32.67994107182312
62.118014300991
83.17310169488441
67.80347405931983
62.94734235741123
85.67699896056239
70.73442327216969
47.75009194873408
79.04702178999574
43.61063923476269
55.73244664188139
44.82290582576106
79.19279314041896
78.58848683661708
95.73753500733386
67.47414855175978
76.47723428248335
60.1217059393737
42.180767676318574
80.21144627742154
35.10156854367154
39.07139823323081
58.22954576376088
63.05683267269177
45.882393334367215
33.40099994011378
67.85934030699543
62.57470492638585
62.41879911958577
26.29022162767501
65.14594423227906
76.03433706409199
72.63850070559283
37.219729371607755
63.469467190634425
91.59467478986477
76.37206136011034
59.59235673006752
41.0005946724767
55.38420253476273
68.82599972293664
72.32541760007597
78.5903832683464
57.826458707925205
77.37884752724702
57.67679555040351
58.63772164921079
28.22090389340626
90.44887291132511
83.60150003747141
83.47594107338517
30.490312429707174
66.45647894284292
69.0567235003455
38.85055133608055
82.76726408284597
25.973376825487755
70.29907472691066
64.65045880603911
79.39616546833287
39.65375933797916
35.865888894983875
79.19103252176726
94.12176487011068
50.103427188976475
22.874204596240453
79.92423455873843
70.7063244409261
56.74965248747087
54.13031460453051
73.69366398860313
64.92984430759617
75.95092738394828
98.01368503993504
41.90461020788168
47.9489791045313
40.58329953302342
87.87216515433259
45.833352014809364
68.09436868342348
46.25364582359816
64.96209403576472
60.649074849389834
48.64881406605591
65.11014521995278
83.22516774547675
68.95027051033185
39.90412704551598
59.70529639247773
61.80694885840937
46.4834931330828
91.57358139222328
35.34798661151461
56.59577105513118
22.223872036880657
80.36378949290119
70.14212045539314
50.913203493916875
72.30679364309708
81.15880290226005
57.37279523764031
46.534493140965374
79.14363551266803
89.80548766992715
61.038425280291136
32.81588231892424
74.18839610195646
64.22050611677867
61.53602055647861
101.44762991067246
42.04858378940294
71.94468252062131
20.175543420905854
70.88693613122098
53.30771945772303
40.30209955724422
70.70755687975654
90.64854268170917
57.199041948577005
30.405849559100986
73.68595995411417
83.80371459584393
93.45140843061793
51.558282889749954
63.8270155833913
74.7769718163803
25.175624762883206
47.762628378247335
80.11011823631279
57.445367396156534
88.31960480979335
60.64138554271737
64.60010380250601
51.68637569586702
44.837650541297116
64.71495691072664
52.57678965141696
27.018931909503763
69.36427637376974
77.8087189089536
65.51499966467237
72.35361177395265
56.55235719442779
66.7951151241319
79.65240836828447
82.61094361976643
48.28041015734369
74.6617642661731
40.81185972014654
73.92116265124407
47.84095256558429
47.54122601542782
87.40357204173588
94.01818120017556
60.28120153080641
90.31881103438978
70.19834187682275
48.45104510873579
63.84775348867766
42.952961045786964
73.31485147291427
84.58685811955294
103.03317831880624
71.21500756215534
45.50558387429209
49.8809637580008
34.8271656447393
61.66901508208501
86.31669154905883
58.817441906349046
47.266992234140545
92.26282733937056
54.764171101611865
28.13427893362764
79.51784484847681
50.442580173647194
93.8374407330158
56.813427612511084
71.03085257506982
56.44827053220571
37.27216898543919
78.92404440443826
15.418179614918701
61.43947066741811
61.46430903272723
89.79026701815782
61.37908081672054
41.531816921034654
66.87189385433504
35.6012591814125
61.40663612188089
44.96292029773504
94.27249098746354
44.25234651311559
67.81238770751365
57.09683018373095
57.500737646487984
68.68285923044627
95.4747614530582
65.4874167516131
19.243780783614575
68.49440211920471
70.35009730292713
84.44140070445722
53.55783649845065
51.956106667662795
76.26007213215709
93.34275834558888
60.48164042733679
32.42925087342246
91.75185247633182
83.31699638565348
82.62036192275909
75.98642537988157
73.71492449430069
60.596988116420334
59.71844503478124
79.79065576304754
28.84093151571284
64.02133956092817
39.030679497656436
74.68245405776747
42.14059070563695
45.79583229714092
71.93036764128435
90.93307107655639
46.870852713211654
36.60664044701383
65.99301799840919
47.85898327566072
64.91383976325864
66.85490069227112
75.89624623649095
71.16765188749011
39.62518772206642
92.40859873672198
30.626236881362175
72.03821554592662
45.066116783581734
73.27547772843344
44.61982317958625
54.69995380143294
71.73963674529
84.66074064636865
55.78526602603319
46.2104617330798
39.042737987864705
91.67275359220302
68.76796094584734
34.13170651374319
76.79220661767947
70.25514833858284
51.32076921051007
63.46501623153734
60.469586943177305
73.23358692802572
69.00260506798125
62.503388416110155
59.48876133350476
62.933418320163184
80.79555655430121
70.21176829380761
49.76970527531826
63.043373361220674
69.20033407449031
43.86144117801769
96.72339727959232
55.99717704813041
72.44236342884166
67.341785901359
60.784809457795355
68.83406996270863
37.97039552500555
53.466779564494736
72.11821793457105
91.75493377339541
56.48533247923834
54.33703843195963
75.22907731741607
63.92060726509942
54.36957495357534
39.13207616346887
88.21308011412549
53.94267576058499
76.92890340856593
52.23102066327081
55.885260737104204
69.93063302381543
65.54517086940761
80.95197804289589
45.870934389082
43.17845049293334
90.21827357183378
96.61253275317996
46.0005711566065
61.84447211177444
63.87219039025999
90.09705354277382
56.94925438400308
48.85373613322954
92.00769309863222
92.80534838192018
82.12458630167117
68.63619637379784
50.56134539380486
87.81740316463407
55.97982632617556
73.58991719908107
42.498674420692176
40.23210443185321
53.80549203843336
79.74737256786418
77.4615771714547
49.511073930927026
51.82790075662388
91.41273472149088
56.75080701935289
29.167090172015833
83.4937094034588
84.87359736418996
84.41195422803987
37.78427028223169
63.95120314439639
88.64941385209306
46.314486308067664
62.91536204108023
38.06006927145405
62.90325390782781
45.94944695707285
56.628785141643505
68.5103548135331
33.91526697985088
50.68763552863418
72.48706508531625
64.1631906433552
31.48892729401436
68.0485809637099
42.38717534995176
66.14073581419046
69.46362615390173
72.42815305791513
64.24959227139573
56.38030958136533
84.66441986942878
58.31266529612808
66.50732176903138
46.52594556726379
67.32479255159402
57.92823072456014
